WorkOrderContactID,ContactID,WorkOrderID
1,17,1698
2,18,1698
3,17,1705
4,18,1705
5,17,1706
6,18,1706
7,17,1707
8,18,1707
9,17,1708
10,18,1708
11,17,1710
12,18,1710
13,17,1711
14,18,1711
15,17,1712
16,18,1712
17,17,1713
18,18,1713
19,17,1714
20,18,1714
21,17,1715
22,18,1715
23,17,1716
24,18,1716
25,17,1717
26,18,1717
27,17,1718
28,18,1718
29,17,1719
30,18,1719
31,17,1720
32,18,1720
33,17,1722
34,18,1722
35,34,1732
36,34,1732
37,32,1744
38,32,1744
39,52,1773
40,52,1773
41,28,1780
42,28,1780
43,34,1781
44,34,1781
45,61,1859
46,62,1859
47,39,1860
48,39,1860
49,35,1861
50,35,1861
51,35,1864
52,35,1864
53,41,1896
54,41,1896
55,39,1897
56,39,1897
57,35,1898
58,35,1898
59,34,1899
60,34,1899
61,43,1905
62,43,1905
63,35,1906
64,35,1906
65,27,1907
66,27,1907
67,37,1937
68,37,1937
69,29,1952
70,29,1952
71,24,1957
72,24,1957
73,33,1958
74,33,1958
75,29,1969
76,29,1969
77,44,2326
78,45,2326
79,20,2347
80,20,2347
81,13,2408
82,13,2408
83,1,2417
84,2,2417
85,24,2433
86,24,2433
87,16,2443
88,16,2443
89,1,2466
90,2,2466
91,23,2475
92,23,2475
93,27,2480
94,27,2480
95,49,2486
96,50,2486
97,5,2494
98,38,2494
99,8,2502
100,8,2502
101,13,2507
102,13,2507
103,11,2508
104,11,2508
105,43,2513
106,43,2513
107,16,2519
108,16,2519
109,20,2523
110,20,2523
111,16,2524
112,16,2524
113,20,2525
114,20,2525
115,13,2526
116,13,2526
117,6,2527
118,6,2527
119,24,2528
120,24,2528
121,29,2529
122,29,2529
123,49,2533
124,50,2533
125,46,2534
126,48,2534
127,63,2535
128,65,2535
129,19,2536
130,19,2536
131,16,2537
132,16,2537
133,20,2538
134,20,2538
135,21,2539
136,21,2539
137,20,2542
138,20,2542
139,59,2543
140,60,2543
141,11,2544
142,11,2544
143,24,2545
144,24,2545
145,34,2546
146,34,2546
147,23,2547
148,23,2547
149,30,2548
150,30,2548
151,16,2549
152,16,2549
153,24,2550
154,24,2550
155,34,2551
156,34,2551
157,27,2552
158,27,2552
159,30,2553
160,30,2553
161,63,2554
162,64,2554
163,30,2556
164,30,2556
165,23,2557
166,23,2557
167,11,2559
168,11,2559
169,37,2560
170,37,2560
171,28,2561
172,28,2561
173,27,2562
174,27,2562
175,30,2563
176,30,2563
177,34,2564
178,34,2564
179,32,2565
180,32,2565
181,31,2566
182,31,2566
183,47,2567
184,53,2567
185,23,2568
186,23,2568
187,28,2569
188,28,2569
189,61,2570
190,62,2570
191,14,2571
192,14,2571
193,30,2572
194,30,2572
195,57,2573
196,58,2573
197,7,2574
198,7,2574
199,10,2575
200,10,2575
201,16,2576
202,16,2576
203,27,2577
204,27,2577
205,11,2578
206,11,2578
207,40,2579
208,42,2579
209,24,2580
210,24,2580
211,34,2581
212,34,2581
213,20,2582
214,20,2582
215,21,2583
216,21,2583
217,20,2584
218,20,2584
219,14,2585
220,14,2585
221,21,2586
222,21,2586
223,19,2587
224,19,2587
225,36,2588
226,36,2588
227,20,2589
228,20,2589
229,51,2590
230,54,2590
231,3,2591
232,4,2591
233,35,2592
234,35,2592
235,34,2593
236,34,2593
237,28,2594
238,28,2594
239,51,2595
240,54,2595
241,26,2596
242,26,2596
243,27,2597
244,27,2597
245,30,2598
246,30,2598
247,44,2599
248,45,2599
249,11,2600
250,11,2600
251,31,2601
252,31,2601
253,33,2602
254,33,2602
255,33,2603
256,33,2603
257,30,2604
258,30,2604
259,34,2605
260,34,2605
261,24,2606
262,24,2606
263,16,2607
264,16,2607
265,32,2608
266,32,2608
267,13,2609
268,13,2609
269,24,2610
270,24,2610
271,19,2611
272,19,2611
273,47,2612
274,53,2612
275,23,2613
276,23,2613
277,9,2614
278,9,2614
279,59,2615
280,60,2615
281,25,2616
282,25,2616
283,57,2617
284,58,2617
285,36,2618
286,36,2618
287,55,2619
288,56,2619
289,22,2620
290,22,2620
291,7,2621
292,7,2621
293,26,2622
294,26,2622
295,31,2623
296,31,2623
297,65,2624
298,66,2624
299,47,2625
300,53,2625
301,33,2626
302,33,2626
303,28,2627
304,28,2627
305,55,2628
306,56,2628
307,11,2629
308,11,2629
309,22,2630
310,22,2630
311,46,2631
312,48,2631
313,5,2632
314,38,2632
315,12,2633
316,15,2633
317,40,2634
318,42,2634
319,1,2635
320,2,2635
321,23,2636
322,23,2636
323,7,2637
324,7,2637
325,26,2638
326,26,2638
327,31,2639
328,31,2639
329,17,2641
330,18,2641
331,17,2642
332,18,2642
333,17,2643
334,18,2643
335,17,2644
336,18,2644
337,17,2646
338,18,2646
339,30,2647
340,30,2647
341,27,2648
342,27,2648
343,64,2649
344,36,2651
345,36,2651
346,47,2652
347,53,2652
348,3,2653
349,4,2653
350,21,2654
351,21,2654
